3
0 1
5000 0.7
10000 0.3
10000 0.1
120 870
101500 291 284
291 0.007 3 -2 -0.3
287 0.007 19 7 -0.05
269 0.003 -11 31 -0.9
248 0.001 42 -13 0
90500 264 255
264 0.003 -4 11 -0.1
261 0.003 37 -17 -0.8
250 0.001 5 43 -0.02
234 0.0005 -29 2 0
100800 295 286
295 0.007 8 1 -0.2
290 0.007 -23 19 -0.7
273 0.003 53 -9 -0.04
250 0.001 17 33 0
89500 269 257
269 0.003 1 -5 -0.5
265 0.003 -16 41 -0.03
253 0.001 39 13 -0.8
237 0.0005 -7 -21 0
9
0 0.25 0.625 0 0
900 0.25 0.625 1 0.35
1800 0.25 0.625 2 0.45
2700 0.25 0.625 3 0.65
3600 0.25 0.625 4 0
0 0.7 0.375 2 0.65
1800 0.7 0.375 2 0.65
3600 0.7 0.375 2 0.65
1800 0.7 0.375 3 0.2
