FLEXPART_SHARED_HEIGHT_ORACLE_V1
NATIVE 1 0 1  0.0000000000000000E+000  0.0000000000000000E+000  1.0150000000000000E+005 -8.9422322809696198E-002  3.0000000000000000E+000 -2.0000000000000000E+000 -3.0000001192092896E-001  2.6826698333024979E-002
SHARED 1 0 1  0.0000000000000000E+000  3.0000000000000000E+000 -2.0000000000000000E+000  2.6826698333024979E-002
NATIVE 1 0 2  1.1378990478515625E+003  2.8563200683593750E+003  8.8775000000000000E+004 -1.0577436536550522E-001  1.9000000000000000E+001  7.0000000000000000E+000 -5.0000000745058060E-002  5.2887182682752609E-003
SHARED 1 0 2  1.1378990478515625E+003  1.9000000000000000E+001  7.0000000000000000E+000  1.8246412277221680E-002
NATIVE 1 0 3  4.5747412109375000E+003  7.0482924804687500E+003  5.8250000000000000E+004 -1.4337655901908875E-001 -1.1000000000000000E+001  3.1000000000000000E+001 -8.9999997615814209E-001  1.2903890013694763E-001
SHARED 1 0 3  4.5747412109375000E+003 -1.1000000000000000E+001  3.1000000000000000E+001  5.6017801165580750E-002
NATIVE 1 0 4  9.5218437500000000E+003  1.1995395507812500E+004  3.0300000000000000E+004 -1.7699830234050751E-001  4.2000000000000000E+001 -1.3000000000000000E+001  0.0000000000000000E+000 -0.0000000000000000E+000
SHARED 1 0 4  9.5218437500000000E+003  4.2000000000000000E+001 -1.3000000000000000E+001 -0.0000000000000000E+000
NATIVE 1 1 1  0.0000000000000000E+000  0.0000000000000000E+000  9.0500000000000000E+004 -9.0641960501670837E-002 -4.0000000000000000E+000  1.1000000000000000E+001 -1.0000000149011612E-001  9.0641966089606285E-003
SHARED 1 1 1  0.0000000000000000E+000 -4.0000000000000000E+000  1.1000000000000000E+001  9.0641966089606285E-003
NATIVE 1 1 2  1.0038596801757812E+003  2.5352988281250000E+003  7.9425000000000000E+004 -1.0772815346717834E-001  3.7000000000000000E+001 -1.7000000000000000E+001 -8.0000001192092896E-001  8.6182527244091034E-002
SHARED 1 1 2  1.1378990478515625E+003  3.5599597930908203E+001 -1.4374247550964355E+001  4.3676633387804031E-002
NATIVE 1 1 3  4.0667377929687500E+003  6.2967802734375000E+003  5.2750000000000000E+004 -1.4657500386238098E-001  5.0000000000000000E+000  4.3000000000000000E+001 -1.9999999552965164E-002  2.9315000865608454E-003
SHARED 1 1 3  4.5747412109375000E+003  1.1274017095565796E+000  3.8330101013183594E+001  4.1044548153877258E-002
NATIVE 1 1 4  8.5268222656250000E+003  1.0756865234375000E+004  2.8100000000000000E+004 -1.8093648552894592E-001 -2.9000000000000000E+001  2.0000000000000000E+000  0.0000000000000000E+000 -0.0000000000000000E+000
SHARED 1 1 4  9.5218437500000000E+003 -2.9000000000000000E+001  2.0000000000000000E+000 -0.0000000000000000E+000
NATIVE 2 0 1  0.0000000000000000E+000  0.0000000000000000E+000  1.0080000000000000E+005 -9.1157168149948120E-002  8.0000000000000000E+000  1.0000000000000000E+000 -2.0000000298023224E-001  1.8231434747576714E-002
SHARED 2 0 1  0.0000000000000000E+000  8.0000000000000000E+000  1.0000000000000000E+000  1.8231434747576714E-002
NATIVE 2 0 2  1.1504034423828125E+003  2.8876535644531250E+003  8.8180000000000000E+004 -1.0780661553144455E-001 -2.3000000000000000E+001  1.9000000000000000E+001 -6.9999998807907104E-001  7.5464628636837006E-002
SHARED 2 0 2  1.1378990478515625E+003 -2.2663042068481445E+001  1.8804347991943359E+001  4.0784556418657303E-002
NATIVE 2 0 3  4.6249038085937500E+003  7.1215839843750000E+003  5.7900000000000000E+004 -1.4594727754592896E-001  5.3000000000000000E+001 -9.0000000000000000E+000 -3.9999999105930328E-002  5.8378907851874828E-003
SHARED 2 0 3  4.5747412109375000E+003  5.1902763366699219E+001 -8.5957536697387695E+000  4.7720570117235184E-002
NATIVE 2 0 4  9.6182646484375000E+003  1.2114943359375000E+004  3.0160000000000000E+004 -1.8000580370426178E-001  1.7000000000000000E+001  3.3000000000000000E+001  0.0000000000000000E+000 -0.0000000000000000E+000
SHARED 2 0 4  9.5218437500000000E+003  1.7000000000000000E+001  3.3000000000000000E+001 -0.0000000000000000E+000
NATIVE 2 1 1  0.0000000000000000E+000  0.0000000000000000E+000  8.9500000000000000E+004 -9.3214869499206543E-002  1.0000000000000000E+000 -5.0000000000000000E+000 -5.0000000000000000E-001  4.6607434749603271E-002
SHARED 2 1 1  0.0000000000000000E+000  1.0000000000000000E+000 -5.0000000000000000E+000  4.6607434749603271E-002
NATIVE 2 1 2  1.0183724365234375E+003  2.5660668945312500E+003  7.8575000000000000E+004 -1.1043654382228851E-001 -1.6000000000000000E+001  4.1000000000000000E+001 -2.9999999329447746E-002  3.3130962401628494E-003
SHARED 2 1 2  1.1378990478515625E+003 -1.3876207351684570E+001  3.9918796539306641E+001  2.7408951893448830E-002
NATIVE 2 1 3  4.1137612304687500E+003  6.3629326171875000E+003  5.2250000000000000E+004 -1.4985163509845734E-001  3.9000000000000000E+001  1.3000000000000000E+001 -8.0000001192092896E-001  1.1988130956888199E-001
SHARED 2 1 3  4.5747412109375000E+003  3.4286026000976562E+001  9.5157566070556641E+000  6.4981743693351746E-002
NATIVE 2 1 4  8.6121044921875000E+003  1.0861275390625000E+004  2.7900000000000000E+004 -1.8473689258098602E-001 -7.0000000000000000E+000 -2.1000000000000000E+001  0.0000000000000000E+000 -0.0000000000000000E+000
SHARED 2 1 4  9.5218437500000000E+003 -7.0000000000000000E+000 -2.1000000000000000E+001 -0.0000000000000000E+000
QUERY 1 0  2.5000000000000000E-001  6.2500000000000000E-001  0.0000000000000000E+000  3.0750000000000000E+002  1.2500000000000000E+000  1.2500000000000000E+000  2.2386072203516960E-002
QUERY 2 900  2.5000000000000000E-001  6.2500000000000000E-001  3.9826464843750000E+002  7.0576464843750000E+002  5.9110445976257324E+000  3.0701992511749268E+000  2.4763192981481552E-002
QUERY 3 1800  2.5000000000000000E-001  6.2500000000000000E-001  2.6844780273437500E+003  2.9919780273437500E+003  9.6323280334472656E+000  1.3550381660461426E+001  4.0532100945711136E-002
QUERY 4 2700  2.5000000000000000E-001  6.2500000000000000E-001  7.7903574218750000E+003  8.0978574218750000E+003  2.1074293136596680E+001  9.8081531524658203E+000  1.8233438953757286E-002
QUERY 5 3600  2.5000000000000000E-001  6.2500000000000000E-001  9.5218437500000000E+003  9.8293437500000000E+003  1.1000000000000000E+001  1.9500000000000000E+001  0.0000000000000000E+000
QUERY 6 0  6.9999998807907104E-001  3.7500000000000000E-001  3.3718466796875000E+003  4.0168466796875000E+003  9.0848665237426758E+000  2.0698511123657227E+001  4.2215395718812943E-002
QUERY 7 1800  6.9999998807907104E-001  3.7500000000000000E-001  3.3718466796875000E+003  4.0168466796875000E+003  1.4513381004333496E+001  1.7553285598754883E+001  4.6042583882808685E-002
QUERY 8 3600  6.9999998807907104E-001  3.7500000000000000E-001  3.3718466796875000E+003  4.0168466796875000E+003  1.9941894531250000E+001  1.4408058166503906E+001  4.9869775772094727E-002
QUERY 9 1800  6.9999998807907104E-001  3.7500000000000000E-001  5.5641616210937500E+003  6.2091616210937500E+003  1.4074092864990234E+001  1.5355353355407715E+001  4.2135968804359436E-002
