3
0.25 0.4 -2 48
0 1
5000 0.7
10000 0.3
10000 0.1
120 250 410
330 510 730
590 850 1120
101500 291 284
291 0.00700000 3 4 -0.30000000
287 0.00700000 19 13 -0.05000000
269 0.00233333 7 31 -0.90000000
248 0.00100000 42 17 0.00000000
99300 285 278
285 0.00620000 5 7 -0.36000000
281 0.00620000 21 16 -0.06000000
263 0.00206667 9 34 -1.08000000
242 0.00088571 44 20 0.00000000
97100 279 272
279 0.00540000 7 10 -0.42000000
275 0.00540000 23 19 -0.07000000
257 0.00180000 11 37 -1.26000000
236 0.00077143 46 23 0.00000000
98300 282 274
282 0.00600000 6 6 -0.39000000
278 0.00600000 22 15 -0.06500000
260 0.00200000 10 33 -1.17000000
239 0.00085714 45 19 0.00000000
96100 276 268
276 0.00520000 8 9 -0.45000000
272 0.00520000 24 18 -0.07500000
254 0.00173333 12 36 -1.35000000
233 0.00074286 47 22 0.00000000
93900 270 262
270 0.00440000 10 12 -0.51000000
266 0.00440000 26 21 -0.08500000
248 0.00146667 14 39 -1.53000000
227 0.00062857 49 25 0.00000000
95100 273 264
273 0.00500000 9 8 -0.48000000
269 0.00500000 25 17 -0.08000000
251 0.00166667 13 35 -1.44000000
230 0.00071429 48 21 0.00000000
92900 267 258
267 0.00420000 11 11 -0.54000000
263 0.00420000 27 20 -0.09000000
245 0.00140000 15 38 -1.62000000
224 0.00060000 50 24 0.00000000
90700 261 252
261 0.00340000 13 14 -0.60000000
257 0.00340000 29 23 -0.10000000
239 0.00113333 17 41 -1.80000000
218 0.00048571 52 27 0.00000000
100600 295 288
295 0.00700000 8 11 -0.33000000
291 0.00700000 24 20 -0.05500000
273 0.00233333 12 38 -0.99000000
252 0.00100000 47 24 0.00000000
98400 289 282
289 0.00620000 10 14 -0.39000000
285 0.00620000 26 23 -0.06500000
267 0.00206667 14 41 -1.17000000
246 0.00088571 49 27 0.00000000
96200 283 276
283 0.00540000 12 17 -0.45000000
279 0.00540000 28 26 -0.07500000
261 0.00180000 16 44 -1.35000000
240 0.00077143 51 30 0.00000000
97400 286 278
286 0.00600000 11 13 -0.42000000
282 0.00600000 27 22 -0.07000000
264 0.00200000 15 40 -1.26000000
243 0.00085714 50 26 0.00000000
95200 280 272
280 0.00520000 13 16 -0.48000000
276 0.00520000 29 25 -0.08000000
258 0.00173333 17 43 -1.44000000
237 0.00074286 52 29 0.00000000
93000 274 266
274 0.00440000 15 19 -0.54000000
270 0.00440000 31 28 -0.09000000
252 0.00146667 19 46 -1.62000000
231 0.00062857 54 32 0.00000000
94200 277 268
277 0.00500000 14 15 -0.51000000
273 0.00500000 30 24 -0.08500000
255 0.00166667 18 42 -1.53000000
234 0.00071429 53 28 0.00000000
92000 271 262
271 0.00420000 16 18 -0.57000000
267 0.00420000 32 27 -0.09500000
249 0.00140000 20 45 -1.71000000
228 0.00060000 55 31 0.00000000
89800 265 256
265 0.00340000 18 21 -0.63000000
261 0.00340000 34 30 -0.10500000
243 0.00113333 22 48 -1.89000000
222 0.00048571 57 34 0.00000000
15
0 0.7 0.6 0 0
0 0.7 0.6 1 0.35
0 0.7 0.6 2 0.45
0 0.7 0.6 3 0.65
0 0.7 0.6 4 0
1800 0.7 0.6 0 0
1800 0.7 0.6 1 0.35
1800 0.7 0.6 2 0.45
1800 0.7 0.6 3 0.65
1800 0.7 0.6 4 0
3600 0.7 0.6 0 0
3600 0.7 0.6 1 0.35
3600 0.7 0.6 2 0.45
3600 0.7 0.6 3 0.65
3600 0.7 0.6 4 0
