FLEXPART_INTERIOR_W_ORACLE_V1
GEOMETRY  2.5000000000000000E-001  4.0000000596046448E-001 -2.0000000000000000E+000  4.8000000000000000E+001  3.5972861951449886E-005  2.2483040083898231E-005
NATIVE 1 0 0 1  0.0000000000000000E+000  0.0000000000000000E+000  1.0150000000000000E+005 -8.9422322809696198E-002  3.0000000000000000E+000  4.0000000000000000E+000 -3.0000001192092896E-001  2.6826698333024979E-002
NATIVE 1 0 0 2  1.1378990478515625E+003  2.8559765625000000E+003  8.8775000000000000E+004 -1.0575848072767258E-001  1.9000000000000000E+001  1.3000000000000000E+001 -5.0000000745058060E-002  5.2879243157804012E-003
NATIVE 1 0 0 3  4.5740541992187500E+003  7.0470996093750000E+003  5.8250000000000000E+004 -1.4334750175476074E-001  7.0000000000000000E+000  3.1000000000000000E+001 -8.9999997615814209E-001  1.2901274859905243E-001
NATIVE 1 0 0 4  9.5201445312500000E+003  1.1993189453125000E+004  3.0300000000000000E+004 -1.7696209251880646E-001  4.2000000000000000E+001  1.7000000000000000E+001  0.0000000000000000E+000 -0.0000000000000000E+000
NATIVE 1 1 0 1  0.0000000000000000E+000  0.0000000000000000E+000  9.9300000000000000E+004 -8.9387655258178711E-002  5.0000000000000000E+000  7.0000000000000000E+000 -3.6000001430511475E-001  3.2179556787014008E-002
NATIVE 1 1 0 2  1.1079599609375000E+003  2.7795122070312500E+003  8.6905000000000000E+004 -1.0560058057308197E-001  2.1000000000000000E+001  1.6000000000000000E+001 -5.9999998658895493E-002  6.3360347412526608E-003
NATIVE 1 1 0 3  4.4510644531250000E+003  6.8499677734375000E+003  5.7150000000000000E+004 -1.4271034300327301E-001  9.0000000000000000E+000  3.4000000000000000E+001 -1.0800000429153442E+000  1.5412718057632446E-001
NATIVE 1 1 0 4  9.2488710937500000E+003  1.1647774414062500E+004  2.9860000000000000E+004 -1.7580823600292206E-001  4.4000000000000000E+001  2.0000000000000000E+001  0.0000000000000000E+000 -0.0000000000000000E+000
NATIVE 1 2 0 1  0.0000000000000000E+000  0.0000000000000000E+000  9.7100000000000000E+004 -8.9375443756580353E-002  7.0000000000000000E+000  1.0000000000000000E+001 -4.1999998688697815E-001  3.7537686526775360E-002
NATIVE 1 2 0 2  1.0783146972656250E+003  2.7033999023437500E+003  8.5035000000000000E+004 -1.0544422268867493E-001  2.3000000000000000E+001  1.9000000000000000E+001 -7.0000000298023224E-002  7.3810955509543419E-003
NATIVE 1 2 0 3  4.3284853515625000E+003  6.6534877929687500E+003  5.6050000000000000E+004 -1.4205117523670197E-001  1.1000000000000000E+001  3.7000000000000000E+001 -1.2599999904632568E+000  1.7898447811603546E-001
NATIVE 1 2 0 4  8.9784902343750000E+003  1.1303493164062500E+004  2.9420000000000000E+004 -1.7461527884006500E-001  4.6000000000000000E+001  2.3000000000000000E+001  0.0000000000000000E+000 -0.0000000000000000E+000
NATIVE 1 0 1 1  0.0000000000000000E+000  0.0000000000000000E+000  9.8300000000000000E+004 -8.9286595582962036E-002  6.0000000000000000E+000  6.0000000000000000E+000 -3.8999998569488525E-001  3.4821771085262299E-002
NATIVE 1 0 1 2  1.0933143310546875E+003  2.7421745605468750E+003  8.6055000000000000E+004 -1.0542700439691544E-001  2.2000000000000000E+001  1.5000000000000000E+001 -6.4999997615814209E-002  6.8527548573911190E-003
NATIVE 1 0 1 3  4.3910346679687500E+003  6.7537861328125000E+003  5.6650000000000000E+004 -1.4226832985877991E-001  1.0000000000000000E+001  3.3000000000000000E+001 -1.1699999570846558E+000  1.6645394265651703E-001
NATIVE 1 0 1 4  9.1165371093750000E+003  1.1479289062500000E+004  2.9660000000000000E+004 -1.7508345842361450E-001  4.5000000000000000E+001  1.9000000000000000E+001  0.0000000000000000E+000 -0.0000000000000000E+000
NATIVE 1 1 1 1  0.0000000000000000E+000  0.0000000000000000E+000  9.6100000000000000E+004 -8.9284442365169525E-002  8.0000000000000000E+000  9.0000000000000000E+000 -4.4999998807907104E-001  4.0177997201681137E-002
NATIVE 1 1 1 2  1.0638240966796875E+003  2.6662541503906250E+003  8.4185000000000000E+004 -1.0526964813470840E-001  2.4000000000000000E+001  1.8000000000000000E+001 -7.5000002980232239E-002  7.8952237963676453E-003
NATIVE 1 1 1 3  4.2686840820312500E+003  6.5576669921875000E+003  5.5550000000000000E+004 -1.4159603416919708E-001  1.2000000000000000E+001  3.6000000000000000E+001 -1.3500000238418579E+000  1.9115464389324188E-001
NATIVE 1 1 1 4  8.8466503906250000E+003  1.1135632812500000E+004  2.9220000000000000E+004 -1.7386883497238159E-001  4.7000000000000000E+001  2.2000000000000000E+001  0.0000000000000000E+000 -0.0000000000000000E+000
NATIVE 1 2 1 1  0.0000000000000000E+000  0.0000000000000000E+000  9.3900000000000000E+004 -8.9297018945217133E-002  1.0000000000000000E+001  1.2000000000000000E+001 -5.0999999046325684E-001  4.5541480183601379E-002
NATIVE 1 2 1 2  1.0345059814453125E+003  2.5905673828125000E+003  8.2315000000000000E+004 -1.0511099547147751E-001  2.6000000000000000E+001  2.1000000000000000E+001 -8.5000000894069672E-002  8.9344345033168793E-003
NATIVE 1 2 1 3  4.1466289062500000E+003  6.3621035156250000E+003  5.4450000000000000E+004 -1.4089982211589813E-001  1.4000000000000000E+001  3.9000000000000000E+001 -1.5299999713897705E+000  2.1557672321796417E-001
NATIVE 1 2 1 4  8.5775781250000000E+003  1.0793052734375000E+004  2.8780000000000000E+004 -1.7261196672916412E-001  4.9000000000000000E+001  2.5000000000000000E+001  0.0000000000000000E+000 -0.0000000000000000E+000
NATIVE 1 0 2 1  0.0000000000000000E+000  0.0000000000000000E+000  9.5100000000000000E+004 -8.9197292923927307E-002  9.0000000000000000E+000  8.0000000000000000E+000 -4.7999998927116394E-001  4.2814698070287704E-002
NATIVE 1 0 2 2  1.0494061279296875E+003  2.6291975097656250E+003  8.3335000000000000E+004 -1.0509335249662399E-001  2.5000000000000000E+001  1.7000000000000000E+001 -7.9999998211860657E-002  8.4074679762125015E-003
NATIVE 1 0 2 3  4.2089887695312500E+003  6.4620214843750000E+003  5.5050000000000000E+004 -1.4113317430019379E-001  1.3000000000000000E+001  3.5000000000000000E+001 -1.4400000572204590E+000  2.0323178172111511E-001
NATIVE 1 0 2 4  8.7150546875000000E+003  1.0968087890625000E+004  2.9020000000000000E+004 -1.7311048507690430E-001  4.8000000000000000E+001  2.1000000000000000E+001  0.0000000000000000E+000 -0.0000000000000000E+000
NATIVE 1 1 2 1  0.0000000000000000E+000  0.0000000000000000E+000  9.2900000000000000E+004 -8.9215300977230072E-002  1.1000000000000000E+001  1.1000000000000000E+001 -5.4000002145767212E-001  4.8176266252994537E-002
NATIVE 1 1 2 2  1.0201770019531250E+003  2.5536372070312500E+003  8.1465000000000000E+004 -1.0493190586566925E-001  2.7000000000000000E+001  2.0000000000000000E+001 -9.0000003576278687E-002  9.4438716769218445E-003
NATIVE 1 1 2 3  4.0870976562500000E+003  6.2667626953125000E+003  5.3950000000000000E+004 -1.4042262732982635E-001  1.5000000000000000E+001  3.8000000000000000E+001 -1.6200000047683716E+000  2.2748465836048126E-001
NATIVE 1 1 2 4  8.4464277343750000E+003  1.0626092773437500E+004  2.8580000000000000E+004 -1.7183011770248413E-001  5.0000000000000000E+001  2.4000000000000000E+001  0.0000000000000000E+000 -0.0000000000000000E+000
NATIVE 1 2 2 1  0.0000000000000000E+000  0.0000000000000000E+000  9.0700000000000000E+004 -8.9243188500404358E-002  1.3000000000000000E+001  1.4000000000000000E+001 -6.0000002384185791E-001  5.3545914590358734E-002
NATIVE 1 2 2 2  9.9104559326171875E+002  2.4782414550781250E+003  7.9595000000000000E+004 -1.0476716607809067E-001  2.9000000000000000E+001  2.3000000000000000E+001 -1.0000000149011612E-001  1.0476716794073582E-002
NATIVE 1 2 2 3  3.9654372558593750E+003  6.0720151367187500E+003  5.2850000000000000E+004 -1.3968607783317566E-001  1.7000000000000000E+001  4.1000000000000000E+001 -1.7999999523162842E+000  2.5143492221832275E-001
NATIVE 1 2 2 4  8.1785927734375000E+003  1.0285169921875000E+004  2.8140000000000000E+004 -1.7050406336784363E-001  5.2000000000000000E+001  2.7000000000000000E+001  0.0000000000000000E+000 -0.0000000000000000E+000
CONTROL full 1  3.5972861951449886E-005  2.2483040083898231E-005
SHARED full 1 0 0 1  0.0000000000000000E+000  3.0000000000000000E+000  4.0000000000000000E+000  2.6826698333024979E-002
SHARED full 1 0 0 2  1.1378990478515625E+003  1.9000000000000000E+001  1.3000000000000000E+001  1.8245061859488487E-002
SHARED full 1 0 0 3  4.5740541992187500E+003  6.9999995231628418E+000  3.1000000000000000E+001  5.6006751954555511E-002
SHARED full 1 0 0 4  9.5201445312500000E+003  4.2000000000000000E+001  1.7000000000000000E+001 -0.0000000000000000E+000
SHARED full 1 1 0 1  0.0000000000000000E+000  5.0000000000000000E+000  7.0000000000000000E+000  3.2179556787014008E-002
SHARED full 1 1 0 2  1.1378990478515625E+003  2.0892536163330078E+001  1.6161199569702148E+001  2.1599527448415756E-002
SHARED full 1 1 0 3  4.5740541992187500E+003  9.8972101211547852E+000  3.3641117095947266E+001  7.1492724120616913E-002
SHARED full 1 1 0 4  9.5201445312500000E+003  4.4000000000000000E+001  2.0000000000000000E+001 -0.0000000000000000E+000
SHARED full 1 2 0 1  0.0000000000000000E+000  7.0000000000000000E+000  1.0000000000000000E+001  3.7537686526775360E-002
SHARED full 1 2 0 2  1.1378990478515625E+003  2.2780006408691406E+001  1.9329986572265625E+001  2.4844354018568993E-002
SHARED full 1 2 0 3  4.5740541992187500E+003  1.2848365783691406E+001  3.6260654449462891E+001  8.8647797703742981E-002
SHARED full 1 2 0 4  9.5201445312500000E+003  4.6000000000000000E+001  2.3000000000000000E+001 -0.0000000000000000E+000
SHARED full 1 0 1 1  0.0000000000000000E+000  6.0000000000000000E+000  6.0000000000000000E+000  3.4821771085262299E-002
SHARED full 1 0 1 2  1.1378990478515625E+003  2.1837760925292969E+001  1.5243357658386230E+001  2.3215685039758682E-002
SHARED full 1 0 1 3  4.5740541992187500E+003  1.1355555534362793E+001  3.2457778930664062E+001  7.9733729362487793E-002
SHARED full 1 0 1 4  9.5201445312500000E+003  4.5000000000000000E+001  1.9000000000000000E+001 -0.0000000000000000E+000
SHARED full 1 1 1 1  0.0000000000000000E+000  8.0000000000000000E+000  9.0000000000000000E+000  4.0177997201681137E-002
SHARED full 1 1 1 2  1.1378990478515625E+003  2.3722639083862305E+001  1.8416040420532227E+001 -3.3645622432231903E-002
SHARED full 1 1 1 3  4.5740541992187500E+003  1.4334651947021484E+001  3.5066139221191406E+001 -1.5980696678161621E-001
SHARED full 1 1 1 4  9.5201445312500000E+003  4.7000000000000000E+001  2.2000000000000000E+001 -0.0000000000000000E+000
SHARED full 1 2 1 1  0.0000000000000000E+000  1.0000000000000000E+001  1.2000000000000000E+001  4.5541480183601379E-002
SHARED full 1 2 1 2  1.1378990478515625E+003  2.5601325988769531E+001  2.1598007202148438E+001  2.9461944475769997E-002
SHARED full 1 2 1 3  4.5740541992187500E+003  1.7376224517822266E+001  3.7649509429931641E+001  1.1760959029197693E-001
SHARED full 1 2 1 4  9.5201445312500000E+003  4.9000000000000000E+001  2.5000000000000000E+001 -0.0000000000000000E+000
SHARED full 1 0 2 1  0.0000000000000000E+000  9.0000000000000000E+000  8.0000000000000000E+000  4.2814698070287704E-002
SHARED full 1 0 2 2  1.1378990478515625E+003  2.4663908004760742E+001  1.7504140853881836E+001  2.7923479676246643E-002
SHARED full 1 0 2 3  4.5740541992187500E+003  1.5835576057434082E+001  3.3865768432617188E+001  1.0726547986268997E-001
SHARED full 1 0 2 4  9.5201445312500000E+003  4.8000000000000000E+001  2.1000000000000000E+001 -0.0000000000000000E+000
SHARED full 1 1 2 1  0.0000000000000000E+000  1.1000000000000000E+001  1.1000000000000000E+001  4.8176266252994537E-002
SHARED full 1 1 2 2  1.1378990478515625E+003  2.6539384841918945E+001  2.0690919876098633E+001  3.0917135998606682E-002
SHARED full 1 1 2 3  4.5740541992187500E+003  1.8909654617309570E+001  3.6436134338378906E+001  1.2808604538440704E-001
SHARED full 1 1 2 4  9.5201445312500000E+003  5.0000000000000000E+001  2.4000000000000000E+001 -0.0000000000000000E+000
SHARED full 1 2 2 1  0.0000000000000000E+000  1.3000000000000000E+001  1.4000000000000000E+001  5.3545914590358734E-002
SHARED full 1 2 2 2  1.1378990478515625E+003  2.8407526016235352E+001  2.3888706207275391E+001  3.3770442008972168E-002
SHARED full 1 2 2 3  4.5740541992187500E+003  2.2055971145629883E+001  3.8977611541748047E+001  1.5099844336509705E-001
SHARED full 1 2 2 4  9.5201445312500000E+003  5.2000000000000000E+001  2.7000000000000000E+001 -0.0000000000000000E+000
CONTROL x 1  3.5972861951449886E-005  0.0000000000000000E+000
SHARED x 1 0 0 1  0.0000000000000000E+000  3.0000000000000000E+000  4.0000000000000000E+000  2.6826698333024979E-002
SHARED x 1 0 0 2  1.1378990478515625E+003  1.9000000000000000E+001  1.3000000000000000E+001  1.8245061859488487E-002
SHARED x 1 0 0 3  4.5740541992187500E+003  6.9999995231628418E+000  3.1000000000000000E+001  5.6006751954555511E-002
SHARED x 1 0 0 4  9.5201445312500000E+003  4.2000000000000000E+001  1.7000000000000000E+001 -0.0000000000000000E+000
SHARED x 1 1 0 1  0.0000000000000000E+000  5.0000000000000000E+000  7.0000000000000000E+000  3.2179556787014008E-002
SHARED x 1 1 0 2  1.1378990478515625E+003  2.0892536163330078E+001  1.6161199569702148E+001  2.1599527448415756E-002
SHARED x 1 1 0 3  4.5740541992187500E+003  9.8972101211547852E+000  3.3641117095947266E+001  7.1492724120616913E-002
SHARED x 1 1 0 4  9.5201445312500000E+003  4.4000000000000000E+001  2.0000000000000000E+001 -0.0000000000000000E+000
SHARED x 1 2 0 1  0.0000000000000000E+000  7.0000000000000000E+000  1.0000000000000000E+001  3.7537686526775360E-002
SHARED x 1 2 0 2  1.1378990478515625E+003  2.2780006408691406E+001  1.9329986572265625E+001  2.4844354018568993E-002
SHARED x 1 2 0 3  4.5740541992187500E+003  1.2848365783691406E+001  3.6260654449462891E+001  8.8647797703742981E-002
SHARED x 1 2 0 4  9.5201445312500000E+003  4.6000000000000000E+001  2.3000000000000000E+001 -0.0000000000000000E+000
SHARED x 1 0 1 1  0.0000000000000000E+000  6.0000000000000000E+000  6.0000000000000000E+000  3.4821771085262299E-002
SHARED x 1 0 1 2  1.1378990478515625E+003  2.1837760925292969E+001  1.5243357658386230E+001  2.3215685039758682E-002
SHARED x 1 0 1 3  4.5740541992187500E+003  1.1355555534362793E+001  3.2457778930664062E+001  7.9733729362487793E-002
SHARED x 1 0 1 4  9.5201445312500000E+003  4.5000000000000000E+001  1.9000000000000000E+001 -0.0000000000000000E+000
SHARED x 1 1 1 1  0.0000000000000000E+000  8.0000000000000000E+000  9.0000000000000000E+000  4.0177997201681137E-002
SHARED x 1 1 1 2  1.1378990478515625E+003  2.3722639083862305E+001  1.8416040420532227E+001 -1.4150872826576233E-002
SHARED x 1 1 1 3  4.5740541992187500E+003  1.4334651947021484E+001  3.5066139221191406E+001 -4.8028752207756042E-003
SHARED x 1 1 1 4  9.5201445312500000E+003  4.7000000000000000E+001  2.2000000000000000E+001 -0.0000000000000000E+000
SHARED x 1 2 1 1  0.0000000000000000E+000  1.0000000000000000E+001  1.2000000000000000E+001  4.5541480183601379E-002
SHARED x 1 2 1 2  1.1378990478515625E+003  2.5601325988769531E+001  2.1598007202148438E+001  2.9461944475769997E-002
SHARED x 1 2 1 3  4.5740541992187500E+003  1.7376224517822266E+001  3.7649509429931641E+001  1.1760959029197693E-001
SHARED x 1 2 1 4  9.5201445312500000E+003  4.9000000000000000E+001  2.5000000000000000E+001 -0.0000000000000000E+000
SHARED x 1 0 2 1  0.0000000000000000E+000  9.0000000000000000E+000  8.0000000000000000E+000  4.2814698070287704E-002
SHARED x 1 0 2 2  1.1378990478515625E+003  2.4663908004760742E+001  1.7504140853881836E+001  2.7923479676246643E-002
SHARED x 1 0 2 3  4.5740541992187500E+003  1.5835576057434082E+001  3.3865768432617188E+001  1.0726547986268997E-001
SHARED x 1 0 2 4  9.5201445312500000E+003  4.8000000000000000E+001  2.1000000000000000E+001 -0.0000000000000000E+000
SHARED x 1 1 2 1  0.0000000000000000E+000  1.1000000000000000E+001  1.1000000000000000E+001  4.8176266252994537E-002
SHARED x 1 1 2 2  1.1378990478515625E+003  2.6539384841918945E+001  2.0690919876098633E+001  3.0917135998606682E-002
SHARED x 1 1 2 3  4.5740541992187500E+003  1.8909654617309570E+001  3.6436134338378906E+001  1.2808604538440704E-001
SHARED x 1 1 2 4  9.5201445312500000E+003  5.0000000000000000E+001  2.4000000000000000E+001 -0.0000000000000000E+000
SHARED x 1 2 2 1  0.0000000000000000E+000  1.3000000000000000E+001  1.4000000000000000E+001  5.3545914590358734E-002
SHARED x 1 2 2 2  1.1378990478515625E+003  2.8407526016235352E+001  2.3888706207275391E+001  3.3770442008972168E-002
SHARED x 1 2 2 3  4.5740541992187500E+003  2.2055971145629883E+001  3.8977611541748047E+001  1.5099844336509705E-001
SHARED x 1 2 2 4  9.5201445312500000E+003  5.2000000000000000E+001  2.7000000000000000E+001 -0.0000000000000000E+000
CONTROL y 1  0.0000000000000000E+000  2.2483040083898231E-005
SHARED y 1 0 0 1  0.0000000000000000E+000  3.0000000000000000E+000  4.0000000000000000E+000  2.6826698333024979E-002
SHARED y 1 0 0 2  1.1378990478515625E+003  1.9000000000000000E+001  1.3000000000000000E+001  1.8245061859488487E-002
SHARED y 1 0 0 3  4.5740541992187500E+003  6.9999995231628418E+000  3.1000000000000000E+001  5.6006751954555511E-002
SHARED y 1 0 0 4  9.5201445312500000E+003  4.2000000000000000E+001  1.7000000000000000E+001 -0.0000000000000000E+000
SHARED y 1 1 0 1  0.0000000000000000E+000  5.0000000000000000E+000  7.0000000000000000E+000  3.2179556787014008E-002
SHARED y 1 1 0 2  1.1378990478515625E+003  2.0892536163330078E+001  1.6161199569702148E+001  2.1599527448415756E-002
SHARED y 1 1 0 3  4.5740541992187500E+003  9.8972101211547852E+000  3.3641117095947266E+001  7.1492724120616913E-002
SHARED y 1 1 0 4  9.5201445312500000E+003  4.4000000000000000E+001  2.0000000000000000E+001 -0.0000000000000000E+000
SHARED y 1 2 0 1  0.0000000000000000E+000  7.0000000000000000E+000  1.0000000000000000E+001  3.7537686526775360E-002
SHARED y 1 2 0 2  1.1378990478515625E+003  2.2780006408691406E+001  1.9329986572265625E+001  2.4844354018568993E-002
SHARED y 1 2 0 3  4.5740541992187500E+003  1.2848365783691406E+001  3.6260654449462891E+001  8.8647797703742981E-002
SHARED y 1 2 0 4  9.5201445312500000E+003  4.6000000000000000E+001  2.3000000000000000E+001 -0.0000000000000000E+000
SHARED y 1 0 1 1  0.0000000000000000E+000  6.0000000000000000E+000  6.0000000000000000E+000  3.4821771085262299E-002
SHARED y 1 0 1 2  1.1378990478515625E+003  2.1837760925292969E+001  1.5243357658386230E+001  2.3215685039758682E-002
SHARED y 1 0 1 3  4.5740541992187500E+003  1.1355555534362793E+001  3.2457778930664062E+001  7.9733729362487793E-002
SHARED y 1 0 1 4  9.5201445312500000E+003  4.5000000000000000E+001  1.9000000000000000E+001 -0.0000000000000000E+000
SHARED y 1 1 1 1  0.0000000000000000E+000  8.0000000000000000E+000  9.0000000000000000E+000  4.0177997201681137E-002
SHARED y 1 1 1 2  1.1378990478515625E+003  2.3722639083862305E+001  1.8416040420532227E+001  6.9056656211614609E-003
SHARED y 1 1 1 3  4.5740541992187500E+003  1.4334651947021484E+001  3.5066139221191406E+001 -5.7264298200607300E-002
SHARED y 1 1 1 4  9.5201445312500000E+003  4.7000000000000000E+001  2.2000000000000000E+001 -0.0000000000000000E+000
SHARED y 1 2 1 1  0.0000000000000000E+000  1.0000000000000000E+001  1.2000000000000000E+001  4.5541480183601379E-002
SHARED y 1 2 1 2  1.1378990478515625E+003  2.5601325988769531E+001  2.1598007202148438E+001  2.9461944475769997E-002
SHARED y 1 2 1 3  4.5740541992187500E+003  1.7376224517822266E+001  3.7649509429931641E+001  1.1760959029197693E-001
SHARED y 1 2 1 4  9.5201445312500000E+003  4.9000000000000000E+001  2.5000000000000000E+001 -0.0000000000000000E+000
SHARED y 1 0 2 1  0.0000000000000000E+000  9.0000000000000000E+000  8.0000000000000000E+000  4.2814698070287704E-002
SHARED y 1 0 2 2  1.1378990478515625E+003  2.4663908004760742E+001  1.7504140853881836E+001  2.7923479676246643E-002
SHARED y 1 0 2 3  4.5740541992187500E+003  1.5835576057434082E+001  3.3865768432617188E+001  1.0726547986268997E-001
SHARED y 1 0 2 4  9.5201445312500000E+003  4.8000000000000000E+001  2.1000000000000000E+001 -0.0000000000000000E+000
SHARED y 1 1 2 1  0.0000000000000000E+000  1.1000000000000000E+001  1.1000000000000000E+001  4.8176266252994537E-002
SHARED y 1 1 2 2  1.1378990478515625E+003  2.6539384841918945E+001  2.0690919876098633E+001  3.0917135998606682E-002
SHARED y 1 1 2 3  4.5740541992187500E+003  1.8909654617309570E+001  3.6436134338378906E+001  1.2808604538440704E-001
SHARED y 1 1 2 4  9.5201445312500000E+003  5.0000000000000000E+001  2.4000000000000000E+001 -0.0000000000000000E+000
SHARED y 1 2 2 1  0.0000000000000000E+000  1.3000000000000000E+001  1.4000000000000000E+001  5.3545914590358734E-002
SHARED y 1 2 2 2  1.1378990478515625E+003  2.8407526016235352E+001  2.3888706207275391E+001  3.3770442008972168E-002
SHARED y 1 2 2 3  4.5740541992187500E+003  2.2055971145629883E+001  3.8977611541748047E+001  1.5099844336509705E-001
SHARED y 1 2 2 4  9.5201445312500000E+003  5.2000000000000000E+001  2.7000000000000000E+001 -0.0000000000000000E+000
CONTROL zero 1  0.0000000000000000E+000  0.0000000000000000E+000
SHARED zero 1 0 0 1  0.0000000000000000E+000  3.0000000000000000E+000  4.0000000000000000E+000  2.6826698333024979E-002
SHARED zero 1 0 0 2  1.1378990478515625E+003  1.9000000000000000E+001  1.3000000000000000E+001  1.8245061859488487E-002
SHARED zero 1 0 0 3  4.5740541992187500E+003  6.9999995231628418E+000  3.1000000000000000E+001  5.6006751954555511E-002
SHARED zero 1 0 0 4  9.5201445312500000E+003  4.2000000000000000E+001  1.7000000000000000E+001 -0.0000000000000000E+000
SHARED zero 1 1 0 1  0.0000000000000000E+000  5.0000000000000000E+000  7.0000000000000000E+000  3.2179556787014008E-002
SHARED zero 1 1 0 2  1.1378990478515625E+003  2.0892536163330078E+001  1.6161199569702148E+001  2.1599527448415756E-002
SHARED zero 1 1 0 3  4.5740541992187500E+003  9.8972101211547852E+000  3.3641117095947266E+001  7.1492724120616913E-002
SHARED zero 1 1 0 4  9.5201445312500000E+003  4.4000000000000000E+001  2.0000000000000000E+001 -0.0000000000000000E+000
SHARED zero 1 2 0 1  0.0000000000000000E+000  7.0000000000000000E+000  1.0000000000000000E+001  3.7537686526775360E-002
SHARED zero 1 2 0 2  1.1378990478515625E+003  2.2780006408691406E+001  1.9329986572265625E+001  2.4844354018568993E-002
SHARED zero 1 2 0 3  4.5740541992187500E+003  1.2848365783691406E+001  3.6260654449462891E+001  8.8647797703742981E-002
SHARED zero 1 2 0 4  9.5201445312500000E+003  4.6000000000000000E+001  2.3000000000000000E+001 -0.0000000000000000E+000
SHARED zero 1 0 1 1  0.0000000000000000E+000  6.0000000000000000E+000  6.0000000000000000E+000  3.4821771085262299E-002
SHARED zero 1 0 1 2  1.1378990478515625E+003  2.1837760925292969E+001  1.5243357658386230E+001  2.3215685039758682E-002
SHARED zero 1 0 1 3  4.5740541992187500E+003  1.1355555534362793E+001  3.2457778930664062E+001  7.9733729362487793E-002
SHARED zero 1 0 1 4  9.5201445312500000E+003  4.5000000000000000E+001  1.9000000000000000E+001 -0.0000000000000000E+000
SHARED zero 1 1 1 1  0.0000000000000000E+000  8.0000000000000000E+000  9.0000000000000000E+000  4.0177997201681137E-002
SHARED zero 1 1 1 2  1.1378990478515625E+003  2.3722639083862305E+001  1.8416040420532227E+001  2.6400413364171982E-002
SHARED zero 1 1 1 3  4.5740541992187500E+003  1.4334651947021484E+001  3.5066139221191406E+001  9.7739800810813904E-002
SHARED zero 1 1 1 4  9.5201445312500000E+003  4.7000000000000000E+001  2.2000000000000000E+001 -0.0000000000000000E+000
SHARED zero 1 2 1 1  0.0000000000000000E+000  1.0000000000000000E+001  1.2000000000000000E+001  4.5541480183601379E-002
SHARED zero 1 2 1 2  1.1378990478515625E+003  2.5601325988769531E+001  2.1598007202148438E+001  2.9461944475769997E-002
SHARED zero 1 2 1 3  4.5740541992187500E+003  1.7376224517822266E+001  3.7649509429931641E+001  1.1760959029197693E-001
SHARED zero 1 2 1 4  9.5201445312500000E+003  4.9000000000000000E+001  2.5000000000000000E+001 -0.0000000000000000E+000
SHARED zero 1 0 2 1  0.0000000000000000E+000  9.0000000000000000E+000  8.0000000000000000E+000  4.2814698070287704E-002
SHARED zero 1 0 2 2  1.1378990478515625E+003  2.4663908004760742E+001  1.7504140853881836E+001  2.7923479676246643E-002
SHARED zero 1 0 2 3  4.5740541992187500E+003  1.5835576057434082E+001  3.3865768432617188E+001  1.0726547986268997E-001
SHARED zero 1 0 2 4  9.5201445312500000E+003  4.8000000000000000E+001  2.1000000000000000E+001 -0.0000000000000000E+000
SHARED zero 1 1 2 1  0.0000000000000000E+000  1.1000000000000000E+001  1.1000000000000000E+001  4.8176266252994537E-002
SHARED zero 1 1 2 2  1.1378990478515625E+003  2.6539384841918945E+001  2.0690919876098633E+001  3.0917135998606682E-002
SHARED zero 1 1 2 3  4.5740541992187500E+003  1.8909654617309570E+001  3.6436134338378906E+001  1.2808604538440704E-001
SHARED zero 1 1 2 4  9.5201445312500000E+003  5.0000000000000000E+001  2.4000000000000000E+001 -0.0000000000000000E+000
SHARED zero 1 2 2 1  0.0000000000000000E+000  1.3000000000000000E+001  1.4000000000000000E+001  5.3545914590358734E-002
SHARED zero 1 2 2 2  1.1378990478515625E+003  2.8407526016235352E+001  2.3888706207275391E+001  3.3770442008972168E-002
SHARED zero 1 2 2 3  4.5740541992187500E+003  2.2055971145629883E+001  3.8977611541748047E+001  1.5099844336509705E-001
SHARED zero 1 2 2 4  9.5201445312500000E+003  5.2000000000000000E+001  2.7000000000000000E+001 -0.0000000000000000E+000
NATIVE 2 0 0 1  0.0000000000000000E+000  0.0000000000000000E+000  1.0060000000000000E+005 -9.1528505086898804E-002  8.0000000000000000E+000  1.1000000000000000E+001 -3.3000001311302185E-001  3.0204407870769501E-002
NATIVE 2 0 0 2  1.1523438720703125E+003  2.8914377441406250E+003  8.8010000000000000E+004 -1.0818999260663986E-001  2.4000000000000000E+001  2.0000000000000000E+001 -5.4999999701976776E-002  5.9504495002329350E-003
NATIVE 2 0 0 3  4.6305317382812500E+003  7.1349804687500000E+003  5.7800000000000000E+004 -1.4660711586475372E-001  1.2000000000000000E+001  3.8000000000000000E+001 -9.9000000953674316E-001  1.4514105021953583E-001
NATIVE 2 0 0 4  9.6394296875000000E+003  1.2143878906250000E+004  3.0120000000000000E+004 -1.8095730245113373E-001  4.7000000000000000E+001  2.4000000000000000E+001  0.0000000000000000E+000 -0.0000000000000000E+000
NATIVE 2 1 0 1  0.0000000000000000E+000  0.0000000000000000E+000  9.8400000000000000E+004 -9.1517560184001923E-002  1.0000000000000000E+001  1.4000000000000000E+001 -3.8999998569488525E-001  3.5691846162080765E-002
NATIVE 2 1 0 2  1.1220052490234375E+003  2.8143664550781250E+003  8.6140000000000000E+004 -1.0807500034570694E-001  2.6000000000000000E+001  2.3000000000000000E+001 -6.4999997615814209E-002  7.0248749107122421E-003
NATIVE 2 1 0 3  4.5067275390625000E+003  6.9366977539062500E+003  5.6700000000000000E+004 -1.4602662622928619E-001  1.4000000000000000E+001  4.1000000000000000E+001 -1.1699999570846558E+000  1.7085114121437073E-001
NATIVE 2 1 0 4  9.3666679687500000E+003  1.1796637695312500E+004  2.9680000000000000E+004 -1.7986455559730530E-001  4.9000000000000000E+001  2.7000000000000000E+001  0.0000000000000000E+000 -0.0000000000000000E+000
NATIVE 2 2 0 1  0.0000000000000000E+000  0.0000000000000000E+000  9.6200000000000000E+004 -9.1536939144134521E-002  1.2000000000000000E+001  1.7000000000000000E+001 -4.4999998807907104E-001  4.1191622614860535E-002
NATIVE 2 2 0 2  1.0920356445312500E+003  2.7377150878906250E+003  8.4270000000000000E+004 -1.0796537995338440E-001  2.8000000000000000E+001  2.6000000000000000E+001 -7.5000002980232239E-002  8.0974036827683449E-003
NATIVE 2 2 0 3  4.3833945312500000E+003  6.7391186523437500E+003  5.5600000000000000E+004 -1.4542625844478607E-001  1.6000000000000000E+001  4.4000000000000000E+001 -1.3500000238418579E+000  1.9632545113563538E-001
NATIVE 2 2 0 4  9.0948427734375000E+003  1.1450566406250000E+004  2.9240000000000000E+004 -1.7873476445674896E-001  5.1000000000000000E+001  3.0000000000000000E+001  0.0000000000000000E+000 -0.0000000000000000E+000
NATIVE 2 0 1 1  0.0000000000000000E+000  0.0000000000000000E+000  9.7400000000000000E+004 -9.1425694525241852E-002  1.1000000000000000E+001  1.3000000000000000E+001 -4.1999998688697815E-001  3.8398791104555130E-002
NATIVE 2 0 1 2  1.1071651611328125E+003  2.7767434082031250E+003  8.5290000000000000E+004 -1.0792043060064316E-001  2.7000000000000000E+001  2.2000000000000000E+001 -7.0000000298023224E-002  7.5544300489127636E-003
NATIVE 2 0 1 3  4.4463217773437500E+003  6.8399941406250000E+003  5.6200000000000000E+004 -1.4561012387275696E-001  1.5000000000000000E+001  4.0000000000000000E+001 -1.2599999904632568E+000  1.8346875905990601E-001
NATIVE 2 0 1 4  9.2336660156250000E+003  1.1627337890625000E+004  2.9480000000000000E+004 -1.7916707694530487E-001  5.0000000000000000E+001  2.6000000000000000E+001  0.0000000000000000E+000 -0.0000000000000000E+000
NATIVE 2 1 1 1  0.0000000000000000E+000  0.0000000000000000E+000  9.5200000000000000E+004 -9.1458663344383240E-002  1.3000000000000000E+001  1.6000000000000000E+001 -4.7999998927116394E-001  4.3900158256292343E-002
NATIVE 2 1 1 2  1.0773830566406250E+003  2.7003095703125000E+003  8.3420000000000000E+004 -1.0781136900186539E-001  2.9000000000000000E+001  2.5000000000000000E+001 -7.9999998211860657E-002  8.6249094456434250E-003
NATIVE 2 1 1 3  4.3232358398437500E+003  6.6427880859375000E+003  5.5100000000000000E+004 -1.4499737322330475E-001  1.7000000000000000E+001  4.3000000000000000E+001 -1.4400000572204590E+000  2.0879623293876648E-001
NATIVE 2 1 1 4  8.9623398437500000E+003  1.1281892578125000E+004  2.9040000000000000E+004 -1.7801627516746521E-001  5.2000000000000000E+001  2.9000000000000000E+001  0.0000000000000000E+000 -0.0000000000000000E+000
NATIVE 2 2 1 1  0.0000000000000000E+000  0.0000000000000000E+000  9.3000000000000000E+004 -9.1512039303779602E-002  1.5000000000000000E+001  1.9000000000000000E+001 -5.4000002145767212E-001  4.9416504800319672E-002
NATIVE 2 2 1 2  1.0478128662109375E+003  2.6241418457031250E+003  8.1550000000000000E+004 -1.0770437866449356E-001  3.1000000000000000E+001  2.8000000000000000E+001 -9.0000003576278687E-002  9.6933944150805473E-003
NATIVE 2 2 1 3  4.2004707031250000E+003  6.4461523437500000E+003  5.4000000000000000E+004 -1.4436300098896027E-001  1.9000000000000000E+001  4.6000000000000000E+001 -1.6200000047683716E+000  2.3386806249618530E-001
NATIVE 2 2 1 4  8.6918339843750000E+003  1.0937515625000000E+004  2.8600000000000000E+004 -1.7682532966136932E-001  5.4000000000000000E+001  3.2000000000000000E+001  0.0000000000000000E+000 -0.0000000000000000E+000
NATIVE 2 0 2 1  0.0000000000000000E+000  0.0000000000000000E+000  9.4200000000000000E+004 -9.1386832296848297E-002  1.4000000000000000E+001  1.5000000000000000E+001 -5.0999999046325684E-001  4.6607282012701035E-002
NATIVE 2 0 2 2  1.0628288574218750E+003  2.6630200195312500E+003  8.2570000000000000E+004 -1.0765684396028519E-001  3.0000000000000000E+001  2.4000000000000000E+001 -8.5000000894069672E-002  9.1508319601416588E-003
NATIVE 2 0 2 3  4.2632109375000000E+003  6.5466586914062500E+003  5.4600000000000000E+004 -1.4456127583980560E-001  1.8000000000000000E+001  4.2000000000000000E+001 -1.5299999713897705E+000  2.2117875516414642E-001
NATIVE 2 0 2 4  8.8301064453125000E+003  1.1113554687500000E+004  2.8840000000000000E+004 -1.7728631198406219E-001  5.3000000000000000E+001  2.8000000000000000E+001  0.0000000000000000E+000 -0.0000000000000000E+000
NATIVE 2 1 2 1  0.0000000000000000E+000  0.0000000000000000E+000  9.2000000000000000E+004 -9.1448433697223663E-002  1.6000000000000000E+001  1.8000000000000000E+001 -5.6999999284744263E-001  5.2125606685876846E-002
NATIVE 2 1 2 2  1.0333673095703125E+003  2.5869938964843750E+003  8.0700000000000000E+004 -1.0754858702421188E-001  3.2000000000000000E+001  2.7000000000000000E+001 -9.4999998807907104E-002  1.0217115283012390E-002
NATIVE 2 1 2 3  4.1406206054687500E+003  6.3503349609375000E+003  5.3500000000000000E+004 -1.4391361176967621E-001  2.0000000000000000E+001  4.5000000000000000E+001 -1.7100000381469727E+000  2.4609227478504181E-001
NATIVE 2 1 2 4  8.5600488281250000E+003  1.0769763671875000E+004  2.8400000000000000E+004 -1.7607283592224121E-001  5.5000000000000000E+001  3.1000000000000000E+001  0.0000000000000000E+000 -0.0000000000000000E+000
NATIVE 2 2 2 1  0.0000000000000000E+000  0.0000000000000000E+000  8.9800000000000000E+004 -9.1524638235569000E-002  1.8000000000000000E+001  2.1000000000000000E+001 -6.2999999523162842E-001  5.7660520076751709E-002
NATIVE 2 2 2 2  1.0040252685546875E+003  2.5111452636718750E+003  7.8830000000000000E+004 -1.0744024068117142E-001  3.4000000000000000E+001  3.0000000000000000E+001 -1.0499999672174454E-001  1.1281224898993969E-002
NATIVE 2 2 2 3  4.0182651367187500E+003  6.1545126953125000E+003  5.2400000000000000E+004 -1.4324226975440979E-001  2.2000000000000000E+001  4.8000000000000000E+001 -1.8899999856948853E+000  2.7072790265083313E-001
NATIVE 2 2 2 4  8.2907597656250000E+003  1.0427007812500000E+004  2.7960000000000000E+004 -1.7481565475463867E-001  5.7000000000000000E+001  3.4000000000000000E+001  0.0000000000000000E+000 -0.0000000000000000E+000
CONTROL full 2  3.5972861951449886E-005  2.2483040083898231E-005
SHARED full 2 0 0 1  0.0000000000000000E+000  8.0000000000000000E+000  1.1000000000000000E+001  3.0204407870769501E-002
SHARED full 2 0 0 2  1.1378990478515625E+003  2.3799438476562500E+001  1.9887182235717773E+001  2.0659483969211578E-002
SHARED full 2 0 0 3  4.5740541992187500E+003  1.2194850921630859E+001  3.7707721710205078E+001  6.1141218990087509E-002
SHARED full 2 0 0 4  9.5201445312500000E+003  4.7000000000000000E+001  2.4000000000000000E+001 -0.0000000000000000E+000
SHARED full 2 1 0 1  0.0000000000000000E+000  1.0000000000000000E+001  1.4000000000000000E+001  3.5691846162080765E-002
SHARED full 2 1 0 2  1.1378990478515625E+003  2.5943653106689453E+001  2.3084524154663086E+001  2.4101272225379944E-002
SHARED full 2 1 0 3  4.5740541992187500E+003  1.4484869003295898E+001  4.0806053161621094E+001  7.6956927776336670E-002
SHARED full 2 1 0 4  9.5201445312500000E+003  4.9000000000000000E+001  2.7000000000000000E+001 -0.0000000000000000E+000
SHARED full 2 2 0 1  0.0000000000000000E+000  1.2000000000000000E+001  1.7000000000000000E+001  4.1191622614860535E-002
SHARED full 2 2 0 2  1.1378990478515625E+003  2.7832786560058594E+001  2.6250822067260742E+001  2.7436399832367897E-002
SHARED full 2 2 0 3  4.5740541992187500E+003  1.7416355133056641E+001  4.3433460235595703E+001  9.4479724764823914E-002
SHARED full 2 2 0 4  9.5201445312500000E+003  5.1000000000000000E+001  3.0000000000000000E+001 -0.0000000000000000E+000
SHARED full 2 0 1 1  0.0000000000000000E+000  1.1000000000000000E+001  1.3000000000000000E+001  3.8398791104555130E-002
SHARED full 2 0 1 2  1.1378990478515625E+003  2.6889549255371094E+001  2.2165672302246094E+001  2.5758886709809303E-002
SHARED full 2 0 1 3  4.5740541992187500E+003  1.5933844566345215E+001  3.9626461029052734E+001  8.5367180407047272E-002
SHARED full 2 0 1 4  9.5201445312500000E+003  5.0000000000000000E+001  2.6000000000000000E+001 -0.0000000000000000E+000
SHARED full 2 1 1 1  0.0000000000000000E+000  1.3000000000000000E+001  1.6000000000000000E+001  4.3900158256292343E-002
SHARED full 2 1 1 2  1.1378990478515625E+003  2.8776271820068359E+001  2.5335592269897461E+001 -4.6663496643304825E-002
SHARED full 2 1 1 3  4.5740541992187500E+003  1.8892314910888672E+001  4.2243072509765625E+001 -2.1542486548423767E-001
SHARED full 2 1 1 4  9.5201445312500000E+003  5.2000000000000000E+001  2.9000000000000000E+001 -0.0000000000000000E+000
SHARED full 2 2 1 1  0.0000000000000000E+000  1.5000000000000000E+001  1.9000000000000000E+001  4.9416504800319672E-002
SHARED full 2 2 1 2  1.1378990478515625E+003  3.0657104492187500E+001  2.8514343261718750E+001  3.2191488891839981E-002
SHARED full 2 2 1 3  4.5740541992187500E+003  2.1911235809326172E+001  4.4835506439208984E+001  1.2406276166439056E-001
SHARED full 2 2 1 4  9.5201445312500000E+003  5.4000000000000000E+001  3.2000000000000000E+001 -0.0000000000000000E+000
SHARED full 2 0 2 1  0.0000000000000000E+000  1.4000000000000000E+001  1.5000000000000000E+001  4.6607282012701035E-002
SHARED full 2 0 2 2  1.1378990478515625E+003  2.9718519210815430E+001  2.4422216415405273E+001  3.0602270737290382E-002
SHARED full 2 0 2 3  4.5740541992187500E+003  2.0382255554199219E+001  4.1047096252441406E+001  1.1348407715559006E-001
SHARED full 2 0 2 4  9.5201445312500000E+003  5.3000000000000000E+001  2.8000000000000000E+001 -0.0000000000000000E+000
SHARED full 2 1 2 1  0.0000000000000000E+000  1.6000000000000000E+001  1.8000000000000000E+001  5.2125606685876846E-002
SHARED full 2 1 2 2  1.1378990478515625E+003  3.1596305847167969E+001  2.7605541229248047E+001  3.3691998571157455E-002
SHARED full 2 1 2 3  4.5740541992187500E+003  2.3432609558105469E+001  4.3626956939697266E+001  1.3476021587848663E-001
SHARED full 2 1 2 4  9.5201445312500000E+003  5.5000000000000000E+001  3.1000000000000000E+001 -0.0000000000000000E+000
SHARED full 2 2 2 1  0.0000000000000000E+000  1.8000000000000000E+001  2.1000000000000000E+001  5.7660520076751709E-002
SHARED full 2 2 2 2  1.1378990478515625E+003  3.3467037200927734E+001  3.0799446105957031E+001  3.6644227802753448E-002
SHARED full 2 2 2 3  4.5740541992187500E+003  2.6552988052368164E+001  4.6178806304931641E+001  1.5818238258361816E-001
SHARED full 2 2 2 4  9.5201445312500000E+003  5.7000000000000000E+001  3.4000000000000000E+001 -0.0000000000000000E+000
CONTROL x 2  3.5972861951449886E-005  0.0000000000000000E+000
SHARED x 2 0 0 1  0.0000000000000000E+000  8.0000000000000000E+000  1.1000000000000000E+001  3.0204407870769501E-002
SHARED x 2 0 0 2  1.1378990478515625E+003  2.3799438476562500E+001  1.9887182235717773E+001  2.0659483969211578E-002
SHARED x 2 0 0 3  4.5740541992187500E+003  1.2194850921630859E+001  3.7707721710205078E+001  6.1141218990087509E-002
SHARED x 2 0 0 4  9.5201445312500000E+003  4.7000000000000000E+001  2.4000000000000000E+001 -0.0000000000000000E+000
SHARED x 2 1 0 1  0.0000000000000000E+000  1.0000000000000000E+001  1.4000000000000000E+001  3.5691846162080765E-002
SHARED x 2 1 0 2  1.1378990478515625E+003  2.5943653106689453E+001  2.3084524154663086E+001  2.4101272225379944E-002
SHARED x 2 1 0 3  4.5740541992187500E+003  1.4484869003295898E+001  4.0806053161621094E+001  7.6956927776336670E-002
SHARED x 2 1 0 4  9.5201445312500000E+003  4.9000000000000000E+001  2.7000000000000000E+001 -0.0000000000000000E+000
SHARED x 2 2 0 1  0.0000000000000000E+000  1.2000000000000000E+001  1.7000000000000000E+001  4.1191622614860535E-002
SHARED x 2 2 0 2  1.1378990478515625E+003  2.7832786560058594E+001  2.6250822067260742E+001  2.7436399832367897E-002
SHARED x 2 2 0 3  4.5740541992187500E+003  1.7416355133056641E+001  4.3433460235595703E+001  9.4479724764823914E-002
SHARED x 2 2 0 4  9.5201445312500000E+003  5.1000000000000000E+001  3.0000000000000000E+001 -0.0000000000000000E+000
SHARED x 2 0 1 1  0.0000000000000000E+000  1.1000000000000000E+001  1.3000000000000000E+001  3.8398791104555130E-002
SHARED x 2 0 1 2  1.1378990478515625E+003  2.6889549255371094E+001  2.2165672302246094E+001  2.5758886709809303E-002
SHARED x 2 0 1 3  4.5740541992187500E+003  1.5933844566345215E+001  3.9626461029052734E+001  8.5367180407047272E-002
SHARED x 2 0 1 4  9.5201445312500000E+003  5.0000000000000000E+001  2.6000000000000000E+001 -0.0000000000000000E+000
SHARED x 2 1 1 1  0.0000000000000000E+000  1.3000000000000000E+001  1.6000000000000000E+001  4.3900158256292343E-002
SHARED x 2 1 1 2  1.1378990478515625E+003  2.8776271820068359E+001  2.5335592269897461E+001 -1.9945107400417328E-002
SHARED x 2 1 1 3  4.5740541992187500E+003  1.8892314910888672E+001  4.2243072509765625E+001 -3.0259303748607635E-002
SHARED x 2 1 1 4  9.5201445312500000E+003  5.2000000000000000E+001  2.9000000000000000E+001 -0.0000000000000000E+000
SHARED x 2 2 1 1  0.0000000000000000E+000  1.5000000000000000E+001  1.9000000000000000E+001  4.9416504800319672E-002
SHARED x 2 2 1 2  1.1378990478515625E+003  3.0657104492187500E+001  2.8514343261718750E+001  3.2191488891839981E-002
SHARED x 2 2 1 3  4.5740541992187500E+003  2.1911235809326172E+001  4.4835506439208984E+001  1.2406276166439056E-001
SHARED x 2 2 1 4  9.5201445312500000E+003  5.4000000000000000E+001  3.2000000000000000E+001 -0.0000000000000000E+000
SHARED x 2 0 2 1  0.0000000000000000E+000  1.4000000000000000E+001  1.5000000000000000E+001  4.6607282012701035E-002
SHARED x 2 0 2 2  1.1378990478515625E+003  2.9718519210815430E+001  2.4422216415405273E+001  3.0602270737290382E-002
SHARED x 2 0 2 3  4.5740541992187500E+003  2.0382255554199219E+001  4.1047096252441406E+001  1.1348407715559006E-001
SHARED x 2 0 2 4  9.5201445312500000E+003  5.3000000000000000E+001  2.8000000000000000E+001 -0.0000000000000000E+000
SHARED x 2 1 2 1  0.0000000000000000E+000  1.6000000000000000E+001  1.8000000000000000E+001  5.2125606685876846E-002
SHARED x 2 1 2 2  1.1378990478515625E+003  3.1596305847167969E+001  2.7605541229248047E+001  3.3691998571157455E-002
SHARED x 2 1 2 3  4.5740541992187500E+003  2.3432609558105469E+001  4.3626956939697266E+001  1.3476021587848663E-001
SHARED x 2 1 2 4  9.5201445312500000E+003  5.5000000000000000E+001  3.1000000000000000E+001 -0.0000000000000000E+000
SHARED x 2 2 2 1  0.0000000000000000E+000  1.8000000000000000E+001  2.1000000000000000E+001  5.7660520076751709E-002
SHARED x 2 2 2 2  1.1378990478515625E+003  3.3467037200927734E+001  3.0799446105957031E+001  3.6644227802753448E-002
SHARED x 2 2 2 3  4.5740541992187500E+003  2.6552988052368164E+001  4.6178806304931641E+001  1.5818238258361816E-001
SHARED x 2 2 2 4  9.5201445312500000E+003  5.7000000000000000E+001  3.4000000000000000E+001 -0.0000000000000000E+000
CONTROL y 2  0.0000000000000000E+000  2.2483040083898231E-005
SHARED y 2 0 0 1  0.0000000000000000E+000  8.0000000000000000E+000  1.1000000000000000E+001  3.0204407870769501E-002
SHARED y 2 0 0 2  1.1378990478515625E+003  2.3799438476562500E+001  1.9887182235717773E+001  2.0659483969211578E-002
SHARED y 2 0 0 3  4.5740541992187500E+003  1.2194850921630859E+001  3.7707721710205078E+001  6.1141218990087509E-002
SHARED y 2 0 0 4  9.5201445312500000E+003  4.7000000000000000E+001  2.4000000000000000E+001 -0.0000000000000000E+000
SHARED y 2 1 0 1  0.0000000000000000E+000  1.0000000000000000E+001  1.4000000000000000E+001  3.5691846162080765E-002
SHARED y 2 1 0 2  1.1378990478515625E+003  2.5943653106689453E+001  2.3084524154663086E+001  2.4101272225379944E-002
SHARED y 2 1 0 3  4.5740541992187500E+003  1.4484869003295898E+001  4.0806053161621094E+001  7.6956927776336670E-002
SHARED y 2 1 0 4  9.5201445312500000E+003  4.9000000000000000E+001  2.7000000000000000E+001 -0.0000000000000000E+000
SHARED y 2 2 0 1  0.0000000000000000E+000  1.2000000000000000E+001  1.7000000000000000E+001  4.1191622614860535E-002
SHARED y 2 2 0 2  1.1378990478515625E+003  2.7832786560058594E+001  2.6250822067260742E+001  2.7436399832367897E-002
SHARED y 2 2 0 3  4.5740541992187500E+003  1.7416355133056641E+001  4.3433460235595703E+001  9.4479724764823914E-002
SHARED y 2 2 0 4  9.5201445312500000E+003  5.1000000000000000E+001  3.0000000000000000E+001 -0.0000000000000000E+000
SHARED y 2 0 1 1  0.0000000000000000E+000  1.1000000000000000E+001  1.3000000000000000E+001  3.8398791104555130E-002
SHARED y 2 0 1 2  1.1378990478515625E+003  2.6889549255371094E+001  2.2165672302246094E+001  2.5758886709809303E-002
SHARED y 2 0 1 3  4.5740541992187500E+003  1.5933844566345215E+001  3.9626461029052734E+001  8.5367180407047272E-002
SHARED y 2 0 1 4  9.5201445312500000E+003  5.0000000000000000E+001  2.6000000000000000E+001 -0.0000000000000000E+000
SHARED y 2 1 1 1  0.0000000000000000E+000  1.3000000000000000E+001  1.6000000000000000E+001  4.3900158256292343E-002
SHARED y 2 1 1 2  1.1378990478515625E+003  2.8776271820068359E+001  2.5335592269897461E+001  2.3169293999671936E-003
SHARED y 2 1 1 3  4.5740541992187500E+003  1.8892314910888672E+001  4.2243072509765625E+001 -8.1405065953731537E-002
SHARED y 2 1 1 4  9.5201445312500000E+003  5.2000000000000000E+001  2.9000000000000000E+001 -0.0000000000000000E+000
SHARED y 2 2 1 1  0.0000000000000000E+000  1.5000000000000000E+001  1.9000000000000000E+001  4.9416504800319672E-002
SHARED y 2 2 1 2  1.1378990478515625E+003  3.0657104492187500E+001  2.8514343261718750E+001  3.2191488891839981E-002
SHARED y 2 2 1 3  4.5740541992187500E+003  2.1911235809326172E+001  4.4835506439208984E+001  1.2406276166439056E-001
SHARED y 2 2 1 4  9.5201445312500000E+003  5.4000000000000000E+001  3.2000000000000000E+001 -0.0000000000000000E+000
SHARED y 2 0 2 1  0.0000000000000000E+000  1.4000000000000000E+001  1.5000000000000000E+001  4.6607282012701035E-002
SHARED y 2 0 2 2  1.1378990478515625E+003  2.9718519210815430E+001  2.4422216415405273E+001  3.0602270737290382E-002
SHARED y 2 0 2 3  4.5740541992187500E+003  2.0382255554199219E+001  4.1047096252441406E+001  1.1348407715559006E-001
SHARED y 2 0 2 4  9.5201445312500000E+003  5.3000000000000000E+001  2.8000000000000000E+001 -0.0000000000000000E+000
SHARED y 2 1 2 1  0.0000000000000000E+000  1.6000000000000000E+001  1.8000000000000000E+001  5.2125606685876846E-002
SHARED y 2 1 2 2  1.1378990478515625E+003  3.1596305847167969E+001  2.7605541229248047E+001  3.3691998571157455E-002
SHARED y 2 1 2 3  4.5740541992187500E+003  2.3432609558105469E+001  4.3626956939697266E+001  1.3476021587848663E-001
SHARED y 2 1 2 4  9.5201445312500000E+003  5.5000000000000000E+001  3.1000000000000000E+001 -0.0000000000000000E+000
SHARED y 2 2 2 1  0.0000000000000000E+000  1.8000000000000000E+001  2.1000000000000000E+001  5.7660520076751709E-002
SHARED y 2 2 2 2  1.1378990478515625E+003  3.3467037200927734E+001  3.0799446105957031E+001  3.6644227802753448E-002
SHARED y 2 2 2 3  4.5740541992187500E+003  2.6552988052368164E+001  4.6178806304931641E+001  1.5818238258361816E-001
SHARED y 2 2 2 4  9.5201445312500000E+003  5.7000000000000000E+001  3.4000000000000000E+001 -0.0000000000000000E+000
CONTROL zero 2  0.0000000000000000E+000  0.0000000000000000E+000
SHARED zero 2 0 0 1  0.0000000000000000E+000  8.0000000000000000E+000  1.1000000000000000E+001  3.0204407870769501E-002
SHARED zero 2 0 0 2  1.1378990478515625E+003  2.3799438476562500E+001  1.9887182235717773E+001  2.0659483969211578E-002
SHARED zero 2 0 0 3  4.5740541992187500E+003  1.2194850921630859E+001  3.7707721710205078E+001  6.1141218990087509E-002
SHARED zero 2 0 0 4  9.5201445312500000E+003  4.7000000000000000E+001  2.4000000000000000E+001 -0.0000000000000000E+000
SHARED zero 2 1 0 1  0.0000000000000000E+000  1.0000000000000000E+001  1.4000000000000000E+001  3.5691846162080765E-002
SHARED zero 2 1 0 2  1.1378990478515625E+003  2.5943653106689453E+001  2.3084524154663086E+001  2.4101272225379944E-002
SHARED zero 2 1 0 3  4.5740541992187500E+003  1.4484869003295898E+001  4.0806053161621094E+001  7.6956927776336670E-002
SHARED zero 2 1 0 4  9.5201445312500000E+003  4.9000000000000000E+001  2.7000000000000000E+001 -0.0000000000000000E+000
SHARED zero 2 2 0 1  0.0000000000000000E+000  1.2000000000000000E+001  1.7000000000000000E+001  4.1191622614860535E-002
SHARED zero 2 2 0 2  1.1378990478515625E+003  2.7832786560058594E+001  2.6250822067260742E+001  2.7436399832367897E-002
SHARED zero 2 2 0 3  4.5740541992187500E+003  1.7416355133056641E+001  4.3433460235595703E+001  9.4479724764823914E-002
SHARED zero 2 2 0 4  9.5201445312500000E+003  5.1000000000000000E+001  3.0000000000000000E+001 -0.0000000000000000E+000
SHARED zero 2 0 1 1  0.0000000000000000E+000  1.1000000000000000E+001  1.3000000000000000E+001  3.8398791104555130E-002
SHARED zero 2 0 1 2  1.1378990478515625E+003  2.6889549255371094E+001  2.2165672302246094E+001  2.5758886709809303E-002
SHARED zero 2 0 1 3  4.5740541992187500E+003  1.5933844566345215E+001  3.9626461029052734E+001  8.5367180407047272E-002
SHARED zero 2 0 1 4  9.5201445312500000E+003  5.0000000000000000E+001  2.6000000000000000E+001 -0.0000000000000000E+000
SHARED zero 2 1 1 1  0.0000000000000000E+000  1.3000000000000000E+001  1.6000000000000000E+001  4.3900158256292343E-002
SHARED zero 2 1 1 2  1.1378990478515625E+003  2.8776271820068359E+001  2.5335592269897461E+001  2.9035318642854691E-002
SHARED zero 2 1 1 3  4.5740541992187500E+003  1.8892314910888672E+001  4.2243072509765625E+001  1.0376048833131790E-001
SHARED zero 2 1 1 4  9.5201445312500000E+003  5.2000000000000000E+001  2.9000000000000000E+001 -0.0000000000000000E+000
SHARED zero 2 2 1 1  0.0000000000000000E+000  1.5000000000000000E+001  1.9000000000000000E+001  4.9416504800319672E-002
SHARED zero 2 2 1 2  1.1378990478515625E+003  3.0657104492187500E+001  2.8514343261718750E+001  3.2191488891839981E-002
SHARED zero 2 2 1 3  4.5740541992187500E+003  2.1911235809326172E+001  4.4835506439208984E+001  1.2406276166439056E-001
SHARED zero 2 2 1 4  9.5201445312500000E+003  5.4000000000000000E+001  3.2000000000000000E+001 -0.0000000000000000E+000
SHARED zero 2 0 2 1  0.0000000000000000E+000  1.4000000000000000E+001  1.5000000000000000E+001  4.6607282012701035E-002
SHARED zero 2 0 2 2  1.1378990478515625E+003  2.9718519210815430E+001  2.4422216415405273E+001  3.0602270737290382E-002
SHARED zero 2 0 2 3  4.5740541992187500E+003  2.0382255554199219E+001  4.1047096252441406E+001  1.1348407715559006E-001
SHARED zero 2 0 2 4  9.5201445312500000E+003  5.3000000000000000E+001  2.8000000000000000E+001 -0.0000000000000000E+000
SHARED zero 2 1 2 1  0.0000000000000000E+000  1.6000000000000000E+001  1.8000000000000000E+001  5.2125606685876846E-002
SHARED zero 2 1 2 2  1.1378990478515625E+003  3.1596305847167969E+001  2.7605541229248047E+001  3.3691998571157455E-002
SHARED zero 2 1 2 3  4.5740541992187500E+003  2.3432609558105469E+001  4.3626956939697266E+001  1.3476021587848663E-001
SHARED zero 2 1 2 4  9.5201445312500000E+003  5.5000000000000000E+001  3.1000000000000000E+001 -0.0000000000000000E+000
SHARED zero 2 2 2 1  0.0000000000000000E+000  1.8000000000000000E+001  2.1000000000000000E+001  5.7660520076751709E-002
SHARED zero 2 2 2 2  1.1378990478515625E+003  3.3467037200927734E+001  3.0799446105957031E+001  3.6644227802753448E-002
SHARED zero 2 2 2 3  4.5740541992187500E+003  2.6552988052368164E+001  4.6178806304931641E+001  1.5818238258361816E-001
SHARED zero 2 2 2 4  9.5201445312500000E+003  5.7000000000000000E+001  3.4000000000000000E+001 -0.0000000000000000E+000
QUERY full 1 0  6.9999998807907104E-001  6.0000002384185791E-001  0.0000000000000000E+000  3.5800000000000000E+002  6.2000002861022949E+000  7.3000001907348633E+000  3.5372160375118256E-002
QUERY x 1 0  6.9999998807907104E-001  6.0000002384185791E-001  0.0000000000000000E+000  3.5800000000000000E+002  6.2000002861022949E+000  7.3000001907348633E+000  3.5372160375118256E-002
QUERY y 1 0  6.9999998807907104E-001  6.0000002384185791E-001  0.0000000000000000E+000  3.5800000000000000E+002  6.2000002861022949E+000  7.3000001907348633E+000  3.5372160375118256E-002
QUERY zero 1 0  6.9999998807907104E-001  6.0000002384185791E-001  0.0000000000000000E+000  3.5800000000000000E+002  6.2000002861022949E+000  7.3000001907348633E+000  3.5372160375118256E-002
QUERY full 2 0  6.9999998807907104E-001  6.0000002384185791E-001  3.9826464843750000E+002  7.5626464843750000E+002  1.1738475799560547E+001  1.0542287826538086E+001  2.2391634061932564E-002
QUERY x 2 0  6.9999998807907104E-001  6.0000002384185791E-001  3.9826464843750000E+002  7.5626464843750000E+002  1.1738475799560547E+001  1.0542287826538086E+001  2.5257362052798271E-002
QUERY y 2 0  6.9999998807907104E-001  6.0000002384185791E-001  3.9826464843750000E+002  7.5626464843750000E+002  1.1738475799560547E+001  1.0542287826538086E+001  2.8352672234177589E-002
QUERY zero 2 0  6.9999998807907104E-001  6.0000002384185791E-001  3.9826464843750000E+002  7.5626464843750000E+002  1.1738475799560547E+001  1.0542287826538086E+001  3.1218400225043297E-002
QUERY full 3 0  6.9999998807907104E-001  6.0000002384185791E-001  2.6841689453125000E+003  3.0421689453125000E+003  1.7367416381835938E+001  2.4279384613037109E+001 -1.2655924074351788E-002
QUERY x 3 0  6.9999998807907104E-001  6.0000002384185791E-001  2.6841689453125000E+003  3.0421689453125000E+003  1.7367416381835938E+001  2.4279384613037109E+001  2.1143138408660889E-002
QUERY y 3 0  6.9999998807907104E-001  6.0000002384185791E-001  2.6841689453125000E+003  3.0421689453125000E+003  1.7367416381835938E+001  2.4279384613037109E+001  1.6091987490653992E-002
QUERY zero 3 0  6.9999998807907104E-001  6.0000002384185791E-001  2.6841689453125000E+003  3.0421689453125000E+003  1.7367416381835938E+001  2.4279384613037109E+001  4.9891058355569839E-002
QUERY full 4 0  6.9999998807907104E-001  6.0000002384185791E-001  7.7890126953125000E+003  8.1470126953125000E+003  3.3466518402099609E+001  2.4993392944335938E+001 -9.1098314151167870E-003
QUERY x 4 0  6.9999998807907104E-001  6.0000002384185791E-001  7.7890126953125000E+003  8.1470126953125000E+003  3.3466518402099609E+001  2.4993392944335938E+001  1.3675773516297340E-002
QUERY y 4 0  6.9999998807907104E-001  6.0000002384185791E-001  7.7890126953125000E+003  8.1470126953125000E+003  3.3466518402099609E+001  2.4993392944335938E+001  5.9639429673552513E-003
QUERY zero 4 0  6.9999998807907104E-001  6.0000002384185791E-001  7.7890126953125000E+003  8.1470126953125000E+003  3.3466518402099609E+001  2.4993392944335938E+001  2.8749551624059677E-002
QUERY full 5 0  6.9999998807907104E-001  6.0000002384185791E-001  9.5201445312500000E+003  9.8781445312500000E+003  4.5200000762939453E+001  2.0300001144409180E+001 -0.0000000000000000E+000
QUERY x 5 0  6.9999998807907104E-001  6.0000002384185791E-001  9.5201445312500000E+003  9.8781445312500000E+003  4.5200000762939453E+001  2.0300001144409180E+001  0.0000000000000000E+000
QUERY y 5 0  6.9999998807907104E-001  6.0000002384185791E-001  9.5201445312500000E+003  9.8781445312500000E+003  4.5200000762939453E+001  2.0300001144409180E+001  0.0000000000000000E+000
QUERY zero 5 0  6.9999998807907104E-001  6.0000002384185791E-001  9.5201445312500000E+003  9.8781445312500000E+003  4.5200000762939453E+001  2.0300001144409180E+001  0.0000000000000000E+000
QUERY full 6 1800  6.9999998807907104E-001  6.0000002384185791E-001  0.0000000000000000E+000  3.5800000000000000E+002  8.6999998092651367E+000  1.0800000190734863E+001  3.7170127034187317E-002
QUERY x 6 1800  6.9999998807907104E-001  6.0000002384185791E-001  0.0000000000000000E+000  3.5800000000000000E+002  8.6999998092651367E+000  1.0800000190734863E+001  3.7170127034187317E-002
QUERY y 6 1800  6.9999998807907104E-001  6.0000002384185791E-001  0.0000000000000000E+000  3.5800000000000000E+002  8.6999998092651367E+000  1.0800000190734863E+001  3.7170127034187317E-002
QUERY zero 6 1800  6.9999998807907104E-001  6.0000002384185791E-001  0.0000000000000000E+000  3.5800000000000000E+002  8.6999998092651367E+000  1.0800000190734863E+001  3.7170127034187317E-002
QUERY full 7 1800  6.9999998807907104E-001  6.0000002384185791E-001  3.9826464843750000E+002  7.5626464843750000E+002  1.4242341995239258E+001  1.4027801513671875E+001  2.2856896743178368E-002
QUERY x 7 1800  6.9999998807907104E-001  6.0000002384185791E-001  3.9826464843750000E+002  7.5626464843750000E+002  1.4242341995239258E+001  1.4027801513671875E+001  2.6253562420606613E-002
QUERY y 7 1800  6.9999998807907104E-001  6.0000002384185791E-001  3.9826464843750000E+002  7.5626464843750000E+002  1.4242341995239258E+001  1.4027801513671875E+001  2.9437476769089699E-002
QUERY zero 7 1800  6.9999998807907104E-001  6.0000002384185791E-001  3.9826464843750000E+002  7.5626464843750000E+002  1.4242341995239258E+001  1.4027801513671875E+001  3.2834142446517944E-002
QUERY full 8 1800  6.9999998807907104E-001  6.0000002384185791E-001  2.6841689453125000E+003  3.0421689453125000E+003  1.9793895721435547E+001  2.7782669067382812E+001 -1.8306151032447815E-002
QUERY x 8 1800  6.9999998807907104E-001  6.0000002384185791E-001  2.6841689453125000E+003  3.0421689453125000E+003  1.9793895721435547E+001  2.7782669067382812E+001  1.9177500158548355E-002
QUERY y 8 1800  6.9999998807907104E-001  6.0000002384185791E-001  2.6841689453125000E+003  3.0421689453125000E+003  1.9793895721435547E+001  2.7782669067382812E+001  1.4389915391802788E-002
QUERY zero 8 1800  6.9999998807907104E-001  6.0000002384185791E-001  2.6841689453125000E+003  3.0421689453125000E+003  1.9793895721435547E+001  2.7782669067382812E+001  5.1873568445444107E-002
QUERY full 9 1800  6.9999998807907104E-001  6.0000002384185791E-001  7.7890126953125000E+003  8.1470126953125000E+003  3.5904609680175781E+001  2.8513652801513672E+001 -1.2644724920392036E-002
QUERY x 9 1800  6.9999998807907104E-001  6.0000002384185791E-001  7.7890126953125000E+003  8.1470126953125000E+003  3.5904609680175781E+001  2.8513652801513672E+001  1.2357749976217747E-002
QUERY y 9 1800  6.9999998807907104E-001  6.0000002384185791E-001  7.7890126953125000E+003  8.1470126953125000E+003  3.5904609680175781E+001  2.8513652801513672E+001  4.7426200471818447E-003
QUERY zero 9 1800  6.9999998807907104E-001  6.0000002384185791E-001  7.7890126953125000E+003  8.1470126953125000E+003  3.5904609680175781E+001  2.8513652801513672E+001  2.9745094478130341E-002
QUERY full 10 1800  6.9999998807907104E-001  6.0000002384185791E-001  9.5201445312500000E+003  9.8781445312500000E+003  4.7700000762939453E+001  2.3800001144409180E+001 -0.0000000000000000E+000
QUERY x 10 1800  6.9999998807907104E-001  6.0000002384185791E-001  9.5201445312500000E+003  9.8781445312500000E+003  4.7700000762939453E+001  2.3800001144409180E+001  0.0000000000000000E+000
QUERY y 10 1800  6.9999998807907104E-001  6.0000002384185791E-001  9.5201445312500000E+003  9.8781445312500000E+003  4.7700000762939453E+001  2.3800001144409180E+001  0.0000000000000000E+000
QUERY zero 10 1800  6.9999998807907104E-001  6.0000002384185791E-001  9.5201445312500000E+003  9.8781445312500000E+003  4.7700000762939453E+001  2.3800001144409180E+001  0.0000000000000000E+000
QUERY full 11 3600  6.9999998807907104E-001  6.0000002384185791E-001  0.0000000000000000E+000  3.5800000000000000E+002  1.1199999809265137E+001  1.4300000190734863E+001  3.8968097418546677E-002
QUERY x 11 3600  6.9999998807907104E-001  6.0000002384185791E-001  0.0000000000000000E+000  3.5800000000000000E+002  1.1199999809265137E+001  1.4300000190734863E+001  3.8968097418546677E-002
QUERY y 11 3600  6.9999998807907104E-001  6.0000002384185791E-001  0.0000000000000000E+000  3.5800000000000000E+002  1.1199999809265137E+001  1.4300000190734863E+001  3.8968097418546677E-002
QUERY zero 11 3600  6.9999998807907104E-001  6.0000002384185791E-001  0.0000000000000000E+000  3.5800000000000000E+002  1.1199999809265137E+001  1.4300000190734863E+001  3.8968097418546677E-002
QUERY full 12 3600  6.9999998807907104E-001  6.0000002384185791E-001  3.9826464843750000E+002  7.5626464843750000E+002  1.6746208190917969E+001  1.7513317108154297E+001  2.3322161287069321E-002
QUERY x 12 3600  6.9999998807907104E-001  6.0000002384185791E-001  3.9826464843750000E+002  7.5626464843750000E+002  1.6746208190917969E+001  1.7513317108154297E+001  2.7249764651060104E-002
QUERY y 12 3600  6.9999998807907104E-001  6.0000002384185791E-001  3.9826464843750000E+002  7.5626464843750000E+002  1.6746208190917969E+001  1.7513317108154297E+001  3.0522283166646957E-002
QUERY zero 12 3600  6.9999998807907104E-001  6.0000002384185791E-001  3.9826464843750000E+002  7.5626464843750000E+002  1.6746208190917969E+001  1.7513317108154297E+001  3.4449886530637741E-002
QUERY full 13 3600  6.9999998807907104E-001  6.0000002384185791E-001  2.6841689453125000E+003  3.0421689453125000E+003  2.2220373153686523E+001  3.1285957336425781E+001 -2.3956380784511566E-002
QUERY x 13 3600  6.9999998807907104E-001  6.0000002384185791E-001  2.6841689453125000E+003  3.0421689453125000E+003  2.2220373153686523E+001  3.1285957336425781E+001  1.7211863771080971E-002
QUERY y 13 3600  6.9999998807907104E-001  6.0000002384185791E-001  2.6841689453125000E+003  3.0421689453125000E+003  2.2220373153686523E+001  3.1285957336425781E+001  1.2687843292951584E-002
QUERY zero 13 3600  6.9999998807907104E-001  6.0000002384185791E-001  2.6841689453125000E+003  3.0421689453125000E+003  2.2220373153686523E+001  3.1285957336425781E+001  5.3856082260608673E-002
QUERY full 14 3600  6.9999998807907104E-001  6.0000002384185791E-001  7.7890126953125000E+003  8.1470126953125000E+003  3.8342697143554688E+001  3.2033912658691406E+001 -1.6179617494344711E-002
QUERY x 14 3600  6.9999998807907104E-001  6.0000002384185791E-001  7.7890126953125000E+003  8.1470126953125000E+003  3.8342697143554688E+001  3.2033912658691406E+001  1.1039725504815578E-002
QUERY y 14 3600  6.9999998807907104E-001  6.0000002384185791E-001  7.7890126953125000E+003  8.1470126953125000E+003  3.8342697143554688E+001  3.2033912658691406E+001  3.5212968941777945E-003
QUERY zero 14 3600  6.9999998807907104E-001  6.0000002384185791E-001  7.7890126953125000E+003  8.1470126953125000E+003  3.8342697143554688E+001  3.2033912658691406E+001  3.0740637332201004E-002
QUERY full 15 3600  6.9999998807907104E-001  6.0000002384185791E-001  9.5201445312500000E+003  9.8781445312500000E+003  5.0199996948242188E+001  2.7300001144409180E+001 -0.0000000000000000E+000
QUERY x 15 3600  6.9999998807907104E-001  6.0000002384185791E-001  9.5201445312500000E+003  9.8781445312500000E+003  5.0199996948242188E+001  2.7300001144409180E+001  0.0000000000000000E+000
QUERY y 15 3600  6.9999998807907104E-001  6.0000002384185791E-001  9.5201445312500000E+003  9.8781445312500000E+003  5.0199996948242188E+001  2.7300001144409180E+001  0.0000000000000000E+000
QUERY zero 15 3600  6.9999998807907104E-001  6.0000002384185791E-001  9.5201445312500000E+003  9.8781445312500000E+003  5.0199996948242188E+001  2.7300001144409180E+001  0.0000000000000000E+000
